  0.00   2.00   1.81 
  0.05   2.00   2.09 
  0.10   2.00   1.98 
  0.15   2.00   2.00 
  0.20   2.00   1.82 
  0.25   2.00   1.81 
  0.30   2.00   2.09 
  0.35   2.00   2.31 
  0.40   2.00   1.93 
  0.45   2.00   2.22 
  0.50   2.00   2.27 
  0.55   2.00   2.21 
  0.60   2.00   2.30 
  0.65   2.00   2.07 
  0.70   2.00   1.68 
  0.75   2.00   1.84 
  0.80   2.00   1.97 
  0.85   2.00   1.71 
  0.90   2.00   1.90 
  0.95   2.00   2.25 
  1.00   2.00   1.84 
  1.05   2.00   2.04 
  1.10   2.00   2.06 
  1.15   2.00   2.37 
  1.20   2.00   1.95 
  1.25   2.00   2.13 
  1.30   2.00   1.75 
  1.35   2.00   1.82 
  1.40   2.00   2.07 
  1.45   2.00   2.10 
  1.50   2.00   1.91 
  1.55   2.00   2.05 
  1.60   2.00   1.87 
  1.65   2.00   2.11 
  1.70   2.00   1.86 
  1.75   2.00   2.05 
  1.80   2.00   2.07 
  1.85   2.00   2.29 
  1.90   2.00   1.78 
  1.95   2.00   2.04 
  2.00   2.00   1.65 
  2.05   2.00   2.03 
  2.10   2.00   2.16 
  2.15   2.00   1.79 
  2.20   2.00   1.96 
  2.25   2.00   2.25 
  2.30   2.00   2.33 
  2.35   2.00   2.00 
  2.40   2.00   2.30 
  2.45   2.00   1.97 
  2.50   2.00   1.83 
  2.55   2.00   1.98 
  2.60   2.00   1.65 
  2.65   2.00   1.83 
  2.70   2.00   1.88 
  2.75   2.00   2.28 
  2.80   2.00   2.04 
  2.85   2.00   2.41 
  2.90   2.00   2.09 
  2.95   2.00   2.07 
  3.00   2.00   1.96 
  3.05   2.00   1.82 
  3.10   2.00   2.03 
  3.15   2.00   1.92 
  3.20   2.00   1.69 
  3.25   2.00   2.10 
  3.30   2.00   1.97 
  3.35   2.00   2.05 
  3.40   2.00   1.90 
  3.45   2.00   2.14 
  3.50   2.00   1.88 
  3.55   2.00   2.07 
  3.60   2.00   2.13 
  3.65   2.00   1.97 
  3.70   2.00   1.82 
  3.75   2.00   2.05 
  3.80   2.00   2.22 
  3.85   2.00   1.56 
  3.90   2.00   2.02 
  3.95   2.00   2.03 
  4.00   2.00   2.07 
  4.05   2.00   1.92 
  4.10   2.00   2.07 
  4.15   2.00   1.89 
  4.20   2.00   2.05 
  4.25   2.00   2.23 
  4.30   2.00   1.98 
  4.35   2.00   1.78 
  4.40   2.00   1.98 
  4.45   2.00   2.09 
  4.50   2.00   1.95 
  4.55   2.00   2.33 
  4.60   2.00   1.91 
  4.65   2.00   1.91 
  4.70   2.00   2.33 
  4.75   2.00   2.06 
  4.80   2.00   2.11 
  4.85   2.00   2.27 
  4.90   2.00   1.87 
  4.95   2.00   1.96 
  5.00   2.00   2.17 
  5.05   2.00   1.87 
  5.10   2.00   2.11 
  5.15   2.00   1.86 
  5.20   2.00   2.22 
  5.25   2.00   2.60 
  5.30   2.00   2.14 
  5.35   2.00   2.13 
  5.40   2.00   2.57 
  5.45   2.00   2.08 
  5.50   2.00   2.22 
  5.55   2.00   2.31 
  5.60   2.00   2.47 
  5.65   2.00   2.16 
  5.70   2.00   2.21 
  5.75   2.00   2.49 
  5.80   2.00   2.42 
  5.85   2.00   2.15 
  5.90   2.00   2.17 
  5.95   2.00   2.20 
  6.00   2.00   2.57 
  6.05   2.00   2.69 
  6.10   2.00   2.76 
  6.15   2.00   2.44 
  6.20   2.00   2.28 
  6.25   2.00   2.82 
  6.30   2.00   2.71 
  6.35   2.00   2.75 
  6.40   2.00   2.70 
  6.45   2.00   2.75 
  6.50   2.00   3.22 
  6.55   2.00   2.83 
  6.60   2.00   2.99 
  6.65   2.00   2.48 
  6.70   2.00   2.64 
  6.75   2.00   2.81 
  6.80   2.00   3.02 
  6.85   2.00   3.09 
  6.90   2.00   3.54 
  6.95   2.00   2.71 
  7.00   2.00   2.74 
  7.05   2.00   3.06 
  7.10   2.00   2.96 
  7.15   2.00   2.95 
  7.20   2.00   3.38 
  7.25   2.00   3.12 
  7.30   2.00   3.33 
  7.35   2.00   3.30 
  7.40   2.00   2.96 
  7.45   2.00   3.46 
  7.50   2.00   3.28 
  7.55   2.00   3.22 
  7.60   2.00   3.34 
  7.65   2.00   3.48 
  7.70   2.00   3.64 
  7.75   2.00   3.46 
  7.80   2.00   3.12 
  7.85   2.00   3.65 
  7.90   2.00   3.40 
  7.95   2.00   3.90 
  8.00   2.00   3.68 
  8.05   2.00   3.71 
  8.10   2.00   3.53 
  8.15   2.00   3.45 
  8.20   2.00   3.50 
  8.25   2.00   3.41 
  8.30   2.00   3.52 
  8.35   2.00   3.94 
  8.40   2.00   3.61 
  8.45   2.00   3.74 
  8.50   2.00   4.08 
  8.55   2.00   3.69 
  8.60   2.00   3.77 
  8.65   2.00   3.97 
  8.70   2.00   3.90 
  8.75   2.00   3.97 
  8.80   2.00   3.82 
  8.85   2.00   3.88 
  8.90   2.00   4.26 
  8.95   2.00   4.36 
  9.00   2.00   3.97 
  9.05   2.00   3.84 
  9.10   2.00   4.00 
  9.15   2.00   3.92 
  9.20   2.00   3.91 
  9.25   2.00   3.68 
  9.30   2.00   3.79 
  9.35   2.00   4.11 
  9.40   2.00   4.01 
  9.45   2.00   4.42 
  9.50   2.00   3.80 
  9.55   2.00   4.01 
  9.60   2.00   4.31 
  9.65   2.00   4.32 
  9.70   2.00   4.16 
  9.75   2.00   4.07 
  9.80   2.00   3.81 
  9.85   2.00   4.21 
  9.90   2.00   4.42 
  9.95   2.00   4.32 
 10.00   2.00   4.09 
 10.05   2.00   4.57 
 10.10   2.00   4.54 
 10.15   2.00   4.38 
 10.20   2.00   4.45 
 10.25   2.00   4.47 
 10.30   2.00   4.50 
 10.35   2.00   4.64 
 10.40   2.00   4.43 
 10.45   2.00   4.84 
 10.50   2.00   4.31 
 10.55   2.00   4.49 
 10.60   2.00   4.41 
 10.65   2.00   4.46 
 10.70   2.00   4.28 
 10.75   2.00   4.86 
 10.80   2.00   4.66 
 10.85   2.00   4.63 
 10.90   2.00   4.69 
 10.95   2.00   4.55 
 11.00   2.00   4.63 
 11.05   2.00   4.90 
 11.10   2.00   4.73 
 11.15   2.00   4.86 
 11.20   2.00   4.90 
 11.25   2.00   4.99 
 11.30   2.00   4.70 
 11.35   2.00   4.67 
 11.40   2.00   4.91 
 11.45   2.00   4.66 
 11.50   2.00   5.10 
 11.55   2.00   4.67 
 11.60   2.00   5.12 
 11.65   2.00   5.24 
 11.70   2.00   4.67 
 11.75   2.00   5.18 
 11.80   2.00   5.06 
 11.85   2.00   5.00 
 11.90   2.00   4.94 
 11.95   2.00   4.97 
 12.00   2.00   5.20 
 12.05   2.00   4.91 
 12.10   2.00   4.93 
 12.15   2.00   5.68 
 12.20   2.00   5.40 
 12.25   2.00   5.31 
 12.30   2.00   5.30 
 12.35   2.00   5.12 
 12.40   2.00   4.79 
 12.45   2.00   5.11 
 12.50   2.00   5.32 
 12.55   2.00   5.31 
 12.60   2.00   5.51 
 12.65   2.00   5.45 
 12.70   2.00   5.31 
 12.75   2.00   5.13 
 12.80   2.00   5.19 
 12.85   2.00   5.37 
 12.90   2.00   5.18 
 12.95   2.00   5.20 
 13.00   2.00   5.59 
 13.05   2.00   5.29 
 13.10   2.00   5.01 
 13.15   2.00   4.91 
 13.20   2.00   5.41 
 13.25   2.00   5.27 
 13.30   2.00   5.30 
 13.35   2.00   5.37 
 13.40   2.00   5.42 
 13.45   2.00   5.22 
 13.50   2.00   5.43 
 13.55   2.00   5.01 
 13.60   2.00   5.27 
 13.65   2.00   5.39 
 13.70   2.00   5.54 
 13.75   2.00   5.55 
 13.80   2.00   5.76 
 13.85   2.00   5.86 
 13.90   2.00   5.63 
 13.95   2.00   5.38 
 14.00   2.00   5.67 
 14.05   2.00   5.82 
 14.10   2.00   5.81 
 14.15   2.00   5.62 
 14.20   2.00   5.32 
 14.25   2.00   5.36 
 14.30   2.00   5.56 
 14.35   2.00   5.75 
 14.40   2.00   5.54 
 14.45   2.00   5.35 
 14.50   2.00   5.94 
 14.55   2.00   5.60 
 14.60   2.00   5.90 
 14.65   2.00   5.80 
 14.70   2.00   5.46 
 14.75   2.00   5.75 
 14.80   2.00   5.88 
 14.85   2.00   5.62 
 14.90   2.00   5.63 
 14.95   2.00   5.85 
 15.00   2.00   5.59 
 15.05   2.00   5.67 
 15.10   2.00   6.08 
 15.15   2.00   5.76 
 15.20   2.00   5.93 
 15.25   2.00   5.75 
 15.30   2.00   5.55 
 15.35   2.00   5.77 
 15.40   2.00   5.77 
 15.45   2.00   5.93 
 15.50   2.00   5.80 
 15.55   2.00   6.11 
 15.60   2.00   5.51 
 15.65   2.00   6.01 
 15.70   2.00   5.84 
 15.75   2.00   6.15 
 15.80   2.00   5.98 
 15.85   2.00   6.30 
 15.90   2.00   5.90 
 15.95   2.00   5.93 
 16.00   2.00   6.10 
 16.05   2.00   6.22 
 16.10   2.00   5.78 
 16.15   2.00   5.50 
 16.20   2.00   6.00 
 16.25   2.00   6.10 
 16.30   2.00   6.37 
 16.35   2.00   6.02 
 16.40   2.00   6.10 
 16.45   2.00   6.22 
 16.50   2.00   5.98 
 16.55   2.00   5.91 
 16.60   2.00   6.07 
 16.65   2.00   5.77 
 16.70   2.00   6.24 
 16.75   2.00   5.94 
 16.80   2.00   5.85 
 16.85   2.00   6.18 
 16.90   2.00   6.27 
 16.95   2.00   6.14 
 17.00   2.00   6.30 
 17.05   2.00   6.35 
 17.10   2.00   6.35 
 17.15   2.00   6.18 
 17.20   2.00   6.28 
 17.25   2.00   6.13 
 17.30   2.00   6.55 
 17.35   2.00   6.11 
 17.40   2.00   6.03 
 17.45   2.00   6.15 
 17.50   2.00   6.14 
 17.55   2.00   6.03 
 17.60   2.00   6.04 
 17.65   2.00   6.65 
 17.70   2.00   6.33 
 17.75   2.00   6.14 
 17.80   2.00   6.55 
 17.85   2.00   6.15 
 17.90   2.00   6.66 
 17.95   2.00   6.30 
 18.00   2.00   6.21 
 18.05   2.00   6.64 
 18.10   2.00   6.27 
 18.15   2.00   6.39 
 18.20   2.00   6.54 
 18.25   2.00   6.46 
 18.30   2.00   6.29 
 18.35   2.00   6.00 
 18.40   2.00   6.27 
 18.45   2.00   6.57 
 18.50   2.00   6.66 
 18.55   2.00   6.50 
 18.60   2.00   6.65 
 18.65   2.00   6.53 
 18.70   2.00   6.77 
 18.75   2.00   6.78 
 18.80   2.00   6.37 
 18.85   2.00   6.50 
 18.90   2.00   6.63 
 18.95   2.00   6.77 
 19.00   2.00   6.55 
 19.05   2.00   6.42 
 19.10   2.00   6.53 
 19.15   2.00   6.28 
 19.20   2.00   6.44 
 19.25   2.00   6.39 
 19.30   2.00   6.60 
 19.35   2.00   6.52 
 19.40   2.00   6.81 
 19.45   2.00   6.62 
 19.50   2.00   6.37 
 19.55   2.00   6.69 
 19.60   2.00   6.41 
 19.65   2.00   6.65 
 19.70   2.00   7.11 
 19.75   2.00   6.54 
 19.80   2.00   6.67 
 19.85   2.00   6.87 
 19.90   2.00   6.44 
 19.95   2.00   6.91 
 20.00   2.00   6.58 
 20.05   2.00   6.83 
 20.10   2.00   6.57 
 20.15   2.00   7.03 
 20.20   2.00   6.93 
 20.25   2.00   6.56 
 20.30   2.00   7.07 
 20.35   2.00   6.65 
 20.40   2.00   6.88 
 20.45   2.00   6.76 
 20.50   2.00   6.73 
 20.55   2.00   7.14 
 20.60   2.00   6.43 
 20.65   2.00   6.44 
 20.70   2.00   6.91 
 20.75   2.00   6.33 
 20.80   2.00   6.93 
 20.85   2.00   7.03 
 20.90   2.00   6.48 
 20.95   2.00   6.78 
 21.00   2.00   6.67 
 21.05   2.00   6.98 
 21.10   2.00   6.67 
 21.15   2.00   6.97 
 21.20   2.00   6.66 
 21.25   2.00   7.03 
 21.30   2.00   6.90 
 21.35   2.00   6.59 
 21.40   2.00   6.61 
 21.45   2.00   6.85 
 21.50   2.00   6.45 
 21.55   2.00   7.04 
 21.60   2.00   7.15 
 21.65   2.00   7.00 
 21.70   2.00   6.64 
 21.75   2.00   6.92 
 21.80   2.00   7.33 
 21.85   2.00   7.14 
 21.90   2.00   7.00 
 21.95   2.00   7.07 
 22.00   2.00   7.17 
 22.05   2.00   6.95 
 22.10   2.00   6.89 
 22.15   2.00   6.87 
 22.20   2.00   6.96 
 22.25   2.00   6.88 
 22.30   2.00   6.78 
 22.35   2.00   6.76 
 22.40   2.00   7.07 
 22.45   2.00   6.84 
 22.50   2.00   6.77 
 22.55   2.00   6.69 
 22.60   2.00   6.69 
 22.65   2.00   7.11 
 22.70   2.00   6.91 
 22.75   2.00   7.11 
 22.80   2.00   7.23 
 22.85   2.00   6.94 
 22.90   2.00   7.14 
 22.95   2.00   7.58 
 23.00   2.00   6.94 
 23.05   2.00   7.10 
 23.10   2.00   6.96 
 23.15   2.00   7.25 
 23.20   2.00   6.95 
 23.25   2.00   6.95 
 23.30   2.00   7.17 
 23.35   2.00   7.04 
 23.40   2.00   6.91 
 23.45   2.00   6.62 
 23.50   2.00   6.78 
 23.55   2.00   6.95 
 23.60   2.00   7.22 
 23.65   2.00   7.21 
 23.70   2.00   7.18 
 23.75   2.00   7.29 
 23.80   2.00   7.04 
 23.85   2.00   7.17 
 23.90   2.00   7.08 
 23.95   2.00   7.19 
 24.00   2.00   7.07 
 24.05   2.00   7.31 
 24.10   2.00   6.80 
 24.15   2.00   7.59 
 24.20   2.00   7.07 
 24.25   2.00   6.88 
 24.30   2.00   6.90 
 24.35   2.00   7.13 
 24.40   2.00   7.40 
 24.45   2.00   6.95 
 24.50   2.00   7.23 
 24.55   2.00   6.99 
 24.60   2.00   7.35 
 24.65   2.00   7.05 
 24.70   2.00   7.00 
 24.75   2.00   7.60 
 24.80   2.00   7.23 
 24.85   2.00   7.44 
 24.90   2.00   7.37 
 24.95   2.00   7.23 
 25.00   2.00   7.46 
 25.05   2.00   7.17 
 25.10   2.00   7.31 
 25.15   2.00   6.89 
 25.20   2.00   6.96 
 25.25   2.00   7.36 
 25.30   2.00   7.14 
 25.35   2.00   7.13 
 25.40   2.00   7.30 
 25.45   2.00   6.70 
 25.50   2.00   7.16 
 25.55   2.00   7.02 
 25.60   2.00   7.33 
 25.65   2.00   7.25 
 25.70   2.00   6.94 
 25.75   2.00   7.23 
 25.80   2.00   7.21 
 25.85   2.00   7.36 
 25.90   2.00   7.13 
 25.95   2.00   6.99 
 26.00   2.00   7.25 
 26.05   2.00   7.37 
 26.10   2.00   7.34 
 26.15   2.00   7.41 
 26.20   2.00   7.09 
 26.25   2.00   7.11 
 26.30   2.00   7.15 
 26.35   2.00   7.41 
 26.40   2.00   7.35 
 26.45   2.00   7.37 
 26.50   2.00   7.50 
 26.55   2.00   7.44 
 26.60   2.00   7.27 
 26.65   2.00   7.34 
 26.70   2.00   7.76 
 26.75   2.00   7.61 
 26.80   2.00   7.23 
 26.85   2.00   6.95 
 26.90   2.00   7.25 
 26.95   2.00   7.36 
 27.00   2.00   6.94 
 27.05   2.00   7.60 
 27.10   2.00   7.63 
 27.15   2.00   7.34 
 27.20   2.00   7.27 
 27.25   2.00   7.50 
 27.30   2.00   7.50 
 27.35   2.00   7.33 
 27.40   2.00   7.25 
 27.45   2.00   7.42 
 27.50   2.00   7.74 
 27.55   2.00   7.08 
 27.60   2.00   7.72 
 27.65   2.00   7.01 
 27.70   2.00   7.21 
 27.75   2.00   7.50 
 27.80   2.00   7.61 
 27.85   2.00   7.22 
 27.90   2.00   7.36 
 27.95   2.00   7.23 
 28.00   2.00   7.09 
 28.05   2.00   7.63 
 28.10   2.00   7.31 
 28.15   2.00   7.41 
 28.20   2.00   7.83 
 28.25   2.00   7.48 
 28.30   2.00   7.41 
 28.35   2.00   7.56 
 28.40   2.00   7.47 
 28.45   2.00   7.18 
 28.50   2.00   7.57 
 28.55   2.00   7.43 
 28.60   2.00   7.42 
 28.65   2.00   7.59 
 28.70   2.00   7.48 
 28.75   2.00   7.33 
 28.80   2.00   7.20 
 28.85   2.00   7.58 
 28.90   2.00   7.61 
 28.95   2.00   7.49 
 29.00   2.00   7.47 
 29.05   2.00   7.44 
 29.10   2.00   7.44 
 29.15   2.00   7.42 
 29.20   2.00   7.75 
 29.25   2.00   7.70 
 29.30   2.00   7.40 
 29.35   2.00   7.62 
 29.40   2.00   7.36 
 29.45   2.00   7.34 
 29.50   2.00   7.46 
 29.55   2.00   7.53 
 29.60   2.00   7.37 
 29.65   2.00   7.20 
 29.70   2.00   7.65 
 29.75   2.00   7.41 
 29.80   2.00   7.50 
 29.85   2.00   7.62 
 29.90   2.00   7.52 
 29.95   2.00   7.51 
 30.00   2.00   7.58 
 30.05   2.00   7.62 
 30.10   2.00   7.40 
 30.15   2.00   7.59 
 30.20   2.00   7.64 
 30.25   2.00   7.59 
 30.30   2.00   7.22 
 30.35   2.00   7.75 
 30.40   2.00   7.32 
 30.45   2.00   7.92 
 30.50   2.00   7.40 
 30.55   2.00   7.49 
 30.60   2.00   7.75 
 30.65   2.00   7.27 
 30.70   2.00   7.63 
 30.75   2.00   7.69 
 30.80   2.00   7.65 
 30.85   2.00   7.40 
 30.90   2.00   7.64 
 30.95   2.00   7.36 
 31.00   2.00   7.61 
 31.05   2.00   7.45 
 31.10   2.00   7.60 
 31.15   2.00   7.40 
 31.20   2.00   7.65 
 31.25   2.00   7.47 
 31.30   2.00   7.40 
 31.35   2.00   7.13 
 31.40   2.00   7.67 
 31.45   2.00   7.92 
 31.50   2.00   7.47 
 31.55   2.00   7.87 
 31.60   2.00   7.54 
 31.65   2.00   7.42 
 31.70   2.00   7.60 
 31.75   2.00   7.50 
 31.80   2.00   7.73 
 31.85   2.00   7.42 
 31.90   2.00   7.62 
 31.95   2.00   7.65 
 32.00   2.00   7.62 
 32.05   2.00   7.66 
 32.10   2.00   7.52 
 32.15   2.00   7.31 
 32.20   2.00   7.67 
 32.25   2.00   7.42 
 32.30   2.00   7.83 
 32.35   2.00   7.55 
 32.40   2.00   7.79 
 32.45   2.00   7.96 
 32.50   2.00   7.55 
 32.55   2.00   7.50 
 32.60   2.00   7.84 
 32.65   2.00   7.69 
 32.70   2.00   7.63 
 32.75   2.00   7.65 
 32.80   2.00   7.48 
 32.85   2.00   7.84 
 32.90   2.00   7.54 
 32.95   2.00   7.86 
 33.00   2.00   7.54 
 33.05   2.00   7.93 
 33.10   2.00   7.70 
 33.15   2.00   7.02 
 33.20   2.00   7.61 
 33.25   2.00   7.90 
 33.30   2.00   7.58 
 33.35   2.00   7.52 
 33.40   2.00   7.74 
 33.45   2.00   7.94 
 33.50   2.00   7.80 
 33.55   2.00   7.68 
 33.60   2.00   7.76 
 33.65   2.00   7.76 
 33.70   2.00   7.62 
 33.75   2.00   7.74 
 33.80   2.00   7.66 
 33.85   2.00   7.81 
 33.90   2.00   7.79 
 33.95   2.00   7.38 
 34.00   2.00   7.56 
 34.05   2.00   7.43 
 34.10   2.00   7.69 
 34.15   2.00   7.22 
 34.20   2.00   7.65 
 34.25   2.00   7.89 
 34.30   2.00   7.77 
 34.35   2.00   7.96 
 34.40   2.00   7.68 
 34.45   2.00   7.58 
 34.50   2.00   7.32 
 34.55   2.00   8.21 
 34.60   2.00   7.75 
 34.65   2.00   7.90 
 34.70   2.00   7.80 
 34.75   2.00   7.62 
 34.80   2.00   7.63 
 34.85   2.00   7.19 
 34.90   2.00   7.50 
 34.95   2.00   7.61 
 35.00   2.00   7.57 
 35.05   2.00   7.85 
 35.10   2.00   7.80 
 35.15   2.00   7.60 
 35.20   2.00   7.47 
 35.25   2.00   7.87 
 35.30   2.00   7.69 
 35.35   2.00   7.78 
 35.40   2.00   7.78 
 35.45   2.00   7.69 
 35.50   2.00   7.86 
 35.55   2.00   7.76 
 35.60   2.00   7.73 
 35.65   2.00   7.51 
 35.70   2.00   7.73 
 35.75   2.00   7.91 
 35.80   2.00   7.64 
 35.85   2.00   7.81 
 35.90   2.00   7.85 
 35.95   2.00   8.39 
 36.00   2.00   7.59 
 36.05   2.00   7.69 
 36.10   2.00   7.65 
 36.15   2.00   7.43 
 36.20   2.00   7.77 
 36.25   2.00   7.80 
 36.30   2.00   7.67 
 36.35   2.00   7.73 
 36.40   2.00   7.72 
 36.45   2.00   7.68 
 36.50   2.00   7.57 
 36.55   2.00   7.60 
 36.60   2.00   7.56 
 36.65   2.00   7.89 
 36.70   2.00   7.74 
 36.75   2.00   7.81 
 36.80   2.00   7.61 
 36.85   2.00   7.32 
 36.90   2.00   7.76 
 36.95   2.00   7.88 
 37.00   2.00   7.98 
 37.05   2.00   7.39 
 37.10   2.00   7.82 
 37.15   2.00   7.79 
 37.20   2.00   7.77 
 37.25   2.00   7.74 
 37.30   2.00   8.15 
 37.35   2.00   7.53 
 37.40   2.00   7.81 
 37.45   2.00   7.85 
 37.50   2.00   7.37 
 37.55   2.00   7.86 
 37.60   2.00   8.06 
 37.65   2.00   7.71 
 37.70   2.00   7.71 
 37.75   2.00   7.48 
 37.80   2.00   7.83 
 37.85   2.00   7.98 
 37.90   2.00   7.52 
 37.95   2.00   7.51 
 38.00   2.00   7.66 
 38.05   2.00   7.80 
 38.10   2.00   8.01 
 38.15   2.00   7.89 
 38.20   2.00   7.77 
 38.25   2.00   7.62 
 38.30   2.00   7.80 
 38.35   2.00   7.89 
 38.40   2.00   7.64 
 38.45   2.00   7.83 
 38.50   2.00   7.84 
 38.55   2.00   8.06 
 38.60   2.00   8.10 
 38.65   2.00   7.42 
 38.70   2.00   8.01 
 38.75   2.00   7.66 
 38.80   2.00   7.53 
 38.85   2.00   7.68 
 38.90   2.00   7.70 
 38.95   2.00   7.86 
 39.00   2.00   7.76 
 39.05   2.00   7.53 
 39.10   2.00   7.73 
 39.15   2.00   7.42 
 39.20   2.00   8.12 
 39.25   2.00   7.68 
 39.30   2.00   7.94 
 39.35   2.00   7.94 
 39.40   2.00   7.68 
 39.45   2.00   7.50 
 39.50   2.00   7.50 
 39.55   2.00   7.97 
 39.60   2.00   7.79 
 39.65   2.00   8.02 
 39.70   2.00   7.72 
 39.75   2.00   7.23 
 39.80   2.00   7.60 
 39.85   2.00   7.98 
 39.90   2.00   7.86 
 39.95   2.00   8.19 
 40.00   2.00   7.89 
 40.05   2.00   7.46 
 40.10   2.00   8.32 
 40.15   2.00   8.04 
 40.20   2.00   7.53 
 40.25   2.00   7.87 
 40.30   2.00   7.82 
 40.35   2.00   7.67 
 40.40   2.00   7.46 
 40.45   2.00   7.64 
 40.50   2.00   7.88 
 40.55   2.00   7.72 
 40.60   2.00   7.66 
 40.65   2.00   7.84 
 40.70   2.00   8.35 
 40.75   2.00   7.88 
 40.80   2.00   7.99 
 40.85   2.00   7.73 
 40.90   2.00   7.52 
 40.95   2.00   7.61 
 41.00   2.00   7.94 
 41.05   2.00   7.85 
 41.10   2.00   7.83 
 41.15   2.00   8.01 
 41.20   2.00   8.26 
 41.25   2.00   8.03 
 41.30   2.00   7.77 
 41.35   2.00   7.90 
 41.40   2.00   8.03 
 41.45   2.00   7.86 
 41.50   2.00   8.14 
 41.55   2.00   8.09 
 41.60   2.00   7.97 
 41.65   2.00   7.54 
 41.70   2.00   7.61 
 41.75   2.00   7.65 
 41.80   2.00   8.06 
 41.85   2.00   7.84 
 41.90   2.00   8.23 
 41.95   2.00   7.83 
 42.00   2.00   7.85 
 42.05   2.00   7.81 
 42.10   2.00   8.11 
 42.15   2.00   8.06 
 42.20   2.00   7.89 
 42.25   2.00   7.76 
 42.30   2.00   7.78 
 42.35   2.00   7.78 
 42.40   2.00   7.99 
 42.45   2.00   8.06 
 42.50   2.00   8.19 
 42.55   2.00   8.07 
 42.60   2.00   7.64 
 42.65   2.00   8.06 
 42.70   2.00   7.89 
 42.75   2.00   7.72 
 42.80   2.00   7.82 
 42.85   2.00   7.83 
 42.90   2.00   7.86 
 42.95   2.00   7.89 
 43.00   2.00   7.84 
 43.05   2.00   7.78 
 43.10   2.00   8.11 
 43.15   2.00   8.16 
 43.20   2.00   7.98 
 43.25   2.00   7.88 
 43.30   2.00   8.15 
 43.35   2.00   7.80 
 43.40   2.00   7.81 
 43.45   2.00   7.88 
 43.50   2.00   8.07 
 43.55   2.00   7.85 
 43.60   2.00   7.98 
 43.65   2.00   7.85 
 43.70   2.00   7.92 
 43.75   2.00   7.48 
 43.80   2.00   8.16 
 43.85   2.00   8.08 
 43.90   2.00   7.67 
 43.95   2.00   7.38 
 44.00   2.00   8.21 
 44.05   2.00   7.89 
 44.10   2.00   8.07 
 44.15   2.00   8.00 
 44.20   2.00   7.96 
 44.25   2.00   8.12 
 44.30   2.00   7.98 
 44.35   2.00   7.54 
 44.40   2.00   8.02 
 44.45   2.00   7.82 
 44.50   2.00   7.92 
 44.55   2.00   7.93 
 44.60   2.00   7.95 
 44.65   2.00   7.77 
 44.70   2.00   7.77 
 44.75   2.00   7.67 
 44.80   2.00   8.11 
 44.85   2.00   7.91 
 44.90   2.00   7.98 
 44.95   2.00   8.10 
 45.00   2.00   7.66 
 45.05   2.00   7.66 
 45.10   2.00   7.86 
 45.15   2.00   8.03 
 45.20   2.00   7.72 
 45.25   2.00   7.74 
 45.30   2.00   8.00 
 45.35   2.00   7.96 
 45.40   2.00   8.01 
 45.45   2.00   8.03 
 45.50   2.00   8.10 
 45.55   2.00   7.55 
 45.60   2.00   7.93 
 45.65   2.00   7.97 
 45.70   2.00   7.56 
 45.75   2.00   7.92 
 45.80   2.00   8.11 
 45.85   2.00   7.59 
 45.90   2.00   7.91 
 45.95   2.00   7.78 
 46.00   2.00   8.04 
 46.05   2.00   7.68 
 46.10   2.00   7.68 
 46.15   2.00   8.16 
 46.20   2.00   8.00 
 46.25   2.00   8.18 
 46.30   2.00   8.08 
 46.35   2.00   8.03 
 46.40   2.00   7.93 
 46.45   2.00   7.64 
 46.50   2.00   7.90 
 46.55   2.00   7.95 
 46.60   2.00   8.01 
 46.65   2.00   7.72 
 46.70   2.00   7.93 
 46.75   2.00   8.25 
 46.80   2.00   7.80 
 46.85   2.00   7.93 
 46.90   2.00   7.94 
 46.95   2.00   7.73 
 47.00   2.00   7.98 
 47.05   2.00   7.95 
 47.10   2.00   7.44 
 47.15   2.00   8.35 
 47.20   2.00   8.19 
 47.25   2.00   8.15 
 47.30   2.00   8.08 
 47.35   2.00   7.84 
 47.40   2.00   7.67 
 47.45   2.00   7.82 
 47.50   2.00   8.01 
 47.55   2.00   8.30 
 47.60   2.00   7.71 
 47.65   2.00   8.29 
 47.70   2.00   7.71 
 47.75   2.00   8.08 
 47.80   2.00   7.90 
 47.85   2.00   7.53 
 47.90   2.00   8.42 
 47.95   2.00   7.68 
 48.00   2.00   7.78 
 48.05   2.00   7.83 
 48.10   2.00   7.84 
 48.15   2.00   7.96 
 48.20   2.00   7.99 
 48.25   2.00   8.34 
 48.30   2.00   8.21 
 48.35   2.00   8.11 
 48.40   2.00   7.79 
 48.45   2.00   8.14 
 48.50   2.00   7.88 
 48.55   2.00   7.87 
 48.60   2.00   8.03 
 48.65   2.00   7.68 
 48.70   2.00   7.44 
 48.75   2.00   7.84 
 48.80   2.00   7.76 
 48.85   2.00   8.10 
 48.90   2.00   7.87 
 48.95   2.00   8.21 
 49.00   2.00   7.82 
 49.05   2.00   8.05 
 49.10   2.00   8.03 
 49.15   2.00   8.01 
 49.20   2.00   7.73 
 49.25   2.00   7.94 
 49.30   2.00   7.90 
 49.35   2.00   7.81 
 49.40   2.00   7.87 
 49.45   2.00   7.83 
 49.50   2.00   7.87 
 49.55   2.00   7.76 
 49.60   2.00   7.69 
 49.65   2.00   7.80 
 49.70   2.00   7.87 
 49.75   2.00   8.13 
 49.80   2.00   7.81 
 49.85   2.00   8.24 
 49.90   2.00   7.66 
 49.95   2.00   8.31 
